
maxdiff     : 0.0864428
meandiff    : 0.00488556

