
maxdiff     : 0.0850932
meandiff    : 0.00483396

